Casename:
 Case7-28-3
Blade row#:
2
Span control points, Chord & curvature control points
        8   7
Span    u2      u3      u4      u5      u6      cur1                cur2                cur3                cur4                cur5                    cur6                cur7
0.00    0.15    0.25    0.50    0.75    0.95    0.0000000000000     0.160856210650      0.3673405278790     0.060692246700      0.3921787123630000     -0.0738523991600     0.000000000000
0.10    0.15    0.25    0.50    0.75    0.95   -0.0201769917832     0.355788263891      0.1197673482910     0.091451216392      0.6080673178230001      0.0488358651981    -0.333779295084
0.25    0.15    0.25    0.50    0.75    0.95    0.5771028423110     0.250632941607      0.3583704155210     0.351653471427      0.4393882755840000      0.5322182580050     0.418889822121
0.35    0.15    0.25    0.50    0.75    0.95   -0.1533319268620    -0.232603868997      0.6096458759670     0.537080419733      0.1141102979960000      0.4666962609470    -0.178147704191
0.65    0.15    0.25    0.50    0.75    0.95    0.0000000000000     0.121925048354      0.4051325851610    -0.019010097030      0.0283886941748000     -0.1830861720600     0.000000000000
0.75    0.15    0.25    0.50    0.75    0.95   -0.3761797187270     0.496568048185     -0.5784453824530     0.171070149295      0.1152889228000000      0.3210816541000    -0.232238106800
0.90    0.15    0.25    0.50    0.75    0.95    0.6194567784400    -0.557629168619     -0.0755812640188     0.545031978956      0.4754060600000000      0.0640718613600     0.072289719050
1.00    0.15    0.25    0.50    0.75    0.95    0.6448102263480     0.572480868954     -0.6466432076630    -0.214421833732      0.4754060600000000      0.0640718613600     0.072289719050

Span control points, Chord & thickness control points
        5   1
Span    LE_radius   u_max   t_max       t_TE
0.00    5.5         0.40    0.12546     0.02448 
0.25    5.5         0.41    0.0867      0.0153  
0.50    5.5         0.43    0.04794     0.008415    
0.75    5.5         0.48    0.02639     0.00364 
1.00    5.5         0.60    0.020       0.001       
