Casename:
 Case7-28-5
Blade row#:
3
Span control points, Chord & curvature control points
		5	7
Span	u2	u3	u4	u5	u6	 cur1	         cur2		 cur3		 cur4		 cur5		cur6		cur7
0.00	0.15	0.25	0.50	0.75	0.95	0.4279704834	0.2969866003	-0.1250877611	0.3391737853	0.09222834771   0.02339430923   0.2520297588
0.25      0.15      0.25      0.50      0.75      0.95    0.06167643357   0.3700302047     0.06199688956   0.2658991626   0.3445906121    -0.1520122828   0.4038284756   
0.35	0.15	0.25	0.50	0.75	0.95	-0.177655671573		0.206648001776		0.0348827608558		0.053359431938		0.0312708856218        0.354427019998         0.401583113196
0.65	0.15	0.25	0.50	0.75	0.95	-0.285601644677		0.242837470836		0.145433598033		0.2670962544		-0.220769889988        0.394000044043         5.000000000000000e-01
1.00	0.15	0.25	0.50	0.75	0.95	-0.285601644677		0.242837470836		0.145433598033		0.2670962544		-0.220769889988        0.394000044043         5.000000000000000e-01

Span control points, Chord & thickness control points
		5   1
Span	LE_radius   u_max   t_max   t_TE
0.00	5.5         0.40    0.085   0.02	
0.25 	5.5         0.40    0.085   0.02	
0.50	5.5         0.40	0.085   0.02	
0.70	5.5         0.40    0.085   0.02	
1.00	5.5         0.40    0.085   0.02	
