Casename:
 temp
Blade row#:
12
Span control points, Chord & curvature control points
		4	7
Span	u2		u3		u4		u5		u6		cur1	cur2		cur3		cur4		cur5		cur6		cur7
0.00	0.15	0.25	0.50	0.75	0.95	0.00	0.00		0.50		0.30		0.15		0.00		0.00
0.35	0.15	0.25	0.50	0.75	0.95	0.00	0.00		0.50		0.30		0.15		0.00		0.00
0.65	0.15	0.25	0.50	0.75	0.95	0.00	0.00		0.50		0.30		0.15		0.00		0.00
1.00	0.15	0.25	0.50	0.75	0.95	0.00	0.00		0.50		0.30		0.15		0.00		0.00

Span control points, Chord & thickness control points
		5	3	1	2	1
Span	u1		u2		u3		thk1	thk2	thk3	letht	tetht
0.00	0.04	0.40	0.96	0.020	0.075	0.017	21		10
0.25 	0.04	0.41	0.96	0.017	0.071	0.015	19		9
0.50	0.04	0.43	0.96	0.011	0.056	0.010	15		8
0.75	0.04	0.48	0.96	0.009	0.038	0.008	10		6
1.00	0.04	0.60	0.96	0.004	0.020	0.006	5		3
