Casename:
 Case7-28-8
Blade row#:
2
Span control points, Chord & curvature control points
		8	7
Span	u2	    u3	    u4	    u5	    u6	    cur1	   cur2		    cur3		    cur4		    cur5		    cur6		    cur7
0.00	0.15	   0.25   0.50   0.75  0.95   0.00	        0.160856521065	0.367340527879	    0.0606922467     0.392178712363	     -0.07385239916	          0.00
0.10	0.15	   0.25   0.50   0.75  0.95   -0.0201769917832	          0.355788263891	  0.119767348291	       0.091451216392	          0.608067317823	  0.0488358651981	       -0.333779295084
0.25	0.15	   0.25   0.50   0.75  0.95   0.577102842311	          0.250632941607	  0.358370415521	         0.351653471427	          0.439388275584	  0.532218258005	         0.418889822121
0.35	0.15	   0.25   0.50   0.75  0.95   -0.153331926862	          -0.232603868997	  0.609645875967	         0.537080419733	          0.114110297996	  0.466696260947	         -0.178147704191
0.65	0.15	   0.25   0.50   0.75  0.95   0.00	        0.121925048354	0.405132585161	     -0.01901009703	0.0283886941748	    -0.18308617206	    0.00
0.75	0.15	   0.25   0.50   0.75  0.95   -0.376179718727	          0.496568048185	  -0.578445382453	       0.171070149295             0.1152889228             0.3210816541             -0.2322381068   
0.90	0.15	   0.25   0.50   0.75  0.95  0.61045677844	          -0.557629168619	  -0.0755812640188	         0.545031978956 	      0.47540606	           0.06407186136	       0.07228971905
1.00	0.15	   0.25   0.50   0.75  0.95  0.644810226348	          0.572480868954	  -0.646643207663	         -0.214421833732 	      0.47540606	           0.06407186136	       0.07228971905 

Span control points, Chord & thickness control points
		5   1
Span	LE_radius   u_max   t_max   t_TE
0.00	5.5         0.40    0.12546	  0.02448	
0.25 	5.5         0.41    0.0867        0.0153	
0.50	5.5         0.43    0.04794	  0.008415	
0.75	5.5         0.48    0.02639	0.00364	
1.00	5.5         0.60    0.020	0.001		
